1741319208.064388
1741319208.460495
1741319209.3619668
1741319209.7643123
1741319210.0636654
1741319210.3637168
1741319210.5636301
1741319210.8637993
1741319211.0637908
1741319211.2637658
1741319211.4636331
1741319211.6636224
1741319211.8636298
1741319212.0635347
1741319212.2621362
1741319212.4603324
1741319212.6637478
1741319212.8634079
1741319213.0452263
1741319213.248842
1741319213.4480984
1741319213.6528752
1741319213.8569851
1741319214.0613549
1741319214.2607732
1741319214.4638867
1741319214.6636682
1741319214.8637867
1741319215.0636473
1741319215.2636144
1741319215.4638629
1741319215.6637294
1741319215.8646166
1741319216.0646114
1741319216.2646515
1741319216.4647133
1741319216.6645441
1741319216.8644753
1741319217.0644095
1741319217.2610593
1741319217.4640019
1741319217.6643243
1741319217.8623025
1741319218.0440505
1741319218.2477179
1741319218.4518642
1741319218.6562827
1741319218.860568
1741319219.0599585
1741319219.2640276
1741319219.4640086
1741319219.6638014
1741319219.8626788
1741319220.0640333
1741319220.2641299
1741319220.4636405
1741319220.6635871
1741319220.8637125
1741319221.0636296
1741319221.2636302
1741319221.4634457
1741319221.6636705
1741319221.8637087
1741319222.0637486
1741319222.2632184
1741319222.4637544
1741319222.6629329
1741319222.8612773
1741319223.0429504
1741319223.2473471
1741319223.4510334
1741319223.6508496
1741319223.8548319
1741319224.0590487
1741319224.2633295
1741319224.4633489
1741319224.662601
1741319224.8624732
1741319225.0648677
1741319225.2645586
1741319225.4633157
1741319225.6636901
1741319225.8648574
1741319226.0643921
1741319226.2646766
1741319226.4643624
1741319226.6643229
1741319226.8643415
1741319227.0638425
1741319227.2641222
1741319227.4637537
1741319227.6622009
1741319227.8602014
1741319228.0644896
1741319228.2621665
1741319228.4615979
1741319228.6596775
1741319228.8585229
1741319229.0624981
1741319229.2620881
1741319229.46171
1741319229.6616886
1741319229.8637612
1741319230.0636811
1741319230.2636011
1741319230.4637189
1741319230.6636605
1741319230.8637254
1741319231.063822
1741319231.2637329
1741319231.4637358
1741319231.6638367
1741319231.8644667
1741319232.0635495
1741319232.2637188
1741319232.4639261
1741319232.6639011
1741319232.8640034
1741319233.0632389
1741319233.2616627
1741319233.4608455
1741319233.6590245
1741319233.8631301
1741319234.0624743
1741319234.2610614
1741319234.4630003
1741319234.6636169
1741319234.8629272
1741319235.0632305
1741319235.2644629
1741319235.4644854
1741319235.6644759
1741319235.8642731
1741319236.0643773
1741319236.2643449
1741319236.4642251
1741319236.6641374
1741319236.8641222
1741319237.0635898
1741319237.2639127
1741319237.4640901
1741319237.6639445
1741319237.8637068
1741319238.0619588
1741319238.2638636
1741319238.4637275
1741319238.6637847
1741319238.86239
1741319239.0615466
1741319239.2636268
1741319239.4637785
1741319239.6637058
1741319239.8623002
1741319240.0637121
1741319240.2636824
1741319240.463747
1741319240.6642773
1741319240.8636761
1741319241.0637243
1741319241.2637634
1741319241.4640434
1741319241.6640527
1741319241.8640707
1741319242.0638752
1741319242.2639534
1741319242.4639642
1741319242.6638405
1741319242.8636265
1741319243.0636675
1741319243.2643726
1741319243.4636309
1741319243.664619
1741319243.8637514
1741319244.0645223
1741319244.2645369
1741319244.4636173
1741319244.6634986
1741319244.8637531
1741319245.0635116
1741319245.2642624
1741319245.4643407
1741319245.6641457
1741319245.8641534
1741319246.0641739
1741319246.2640285
1741319246.4641559
1741319246.6639123
1741319246.863878
1741319247.0639975
1741319247.2639687
1741319247.463903
1741319247.6637864
1741319247.863677
1741319248.0627656
1741319248.2618272
1741319248.4636819
1741319248.6634042
1741319248.8634374
1741319249.0617368
1741319249.2599156
1741319249.4636419
1741319249.6633203
1741319249.8621671
1741319250.0633106
1741319250.2637639
1741319250.463623
1741319250.6639709
1741319250.8641381
1741319251.0637078
1741319251.2640343
1741319251.4639692
1741319251.6648679
1741319251.8638227
1741319252.0638356
1741319252.2647429
1741319252.463768
1741319252.7627158
1741319253.0635707
1741319253.2646234
1741319253.4627461
1741319253.6614289
1741319253.8634131
1741319254.0645285
1741319254.3622732
1741319254.560827
1741319254.7640181
1741319254.9643118
1741319255.1627107
1741319255.3629882
1741319255.564033
1741319255.7639887
1741319255.9641247
1741319256.1639097
1741319256.3639088
1741319256.5642798
1741319256.7643759
1741319256.9638534
1741319257.1637716
1741319257.3636727
1741319257.5637019
1741319257.763788
1741319257.9640028
1741319258.1638489
1741319258.3633902
1741319258.5637619
1741319258.7599039
1741319258.9637854
1741319259.1633148
1741319259.3632898
1741319259.5615158
1741319259.763706
1741319259.9639163
1741319260.1635096
1741319260.3636882
1741319260.5631211
1741319260.7640536
1741319260.9649646
1741319261.1638486
1741319261.3638
1741319261.5638394
1741319261.7637942
1741319261.9637184
1741319262.16382
1741319262.3647358
1741319262.5637259
1741319262.7647955
1741319262.964669
1741319263.1634824
1741319263.3643808
1741319263.5625231
1741319263.7644691
1741319263.9641623
1741319264.1623185
1741319264.3610153
1741319264.5600569
1741319264.764241
1741319264.9628594
1741319265.1621161
1741319265.362056
1741319265.5641434
1741319265.7641182
1741319265.9640126
1741319266.1639864
1741319266.3639164
1741319266.5638871
1741319266.7639549
1741319266.9637311
1741319267.1637266
1741319267.3638396
1741319267.563664
1741319267.7635694
1741319267.9638228
1741319268.1637168
1741319268.3616178
1741319268.5636249
1741319268.7637029
1741319268.9631562
1741319269.161443
1741319269.3596458
1741319269.5636706
1741319269.7634058
1741319269.9616914
1741319270.1611192
1741319270.3634009
1741319270.5636184
1741319270.7632749
1741319270.9634552
1741319271.1633089
1741319271.3638325
1741319271.5647218
1741319271.7636952
1741319271.9637582
1741319272.1637981
1741319272.3645327
1741319272.5646183
1741319272.7643528
1741319272.9645059
1741319273.1641598
1741319273.3643196
1741319273.5641546
1741319273.7629294
1741319273.9622266
1741319274.160321
1741319274.3528376
1741319274.5608065
1741319274.7620468
1741319274.9603891
1741319275.1596806
1741319275.358355
1741319275.5627987
1741319275.7622905
1741319275.9623611
1741319276.1633515
1741319276.3636973
1741319276.5638094
1741319276.7635076
1741319276.9636018
1741319277.1636617
1741319277.3637934
1741319277.5636902
1741319277.7638171
1741319277.963341
1741319278.1640973
1741319278.3636837
1741319278.5633919
1741319278.7617543
1741319278.9610546
1741319279.1592097
1741319279.3633475
1741319279.5512683
1741319279.7495379
1741319279.9595017
1741319280.1588526
1741319280.3627896
1741319280.5614917
1741319280.7609701
1741319280.9637604
1741319281.1637442
1741319281.3638158
1741319281.5642087
1741319281.763617
1741319281.9644413
1741319282.1636696
1741319282.363045
1741319282.5642381
1741319282.7644114
1741319282.9642093
1741319283.164144
1741319283.3644125
1741319283.5623112
1741319283.76034
1741319283.9640961
1741319284.1636295
1741319284.361711
1741319284.5499008
1741319284.7639546
1741319284.9625902
1741319285.1617577
1741319285.3615251
1741319285.5600545
1741319285.7637622
1741319285.9636245
1741319286.1637666
1741319286.3637571
1741319286.5637228
1741319286.7636366
1741319286.9637175
1741319287.1637731
1741319287.3633838
1741319287.5637772
1741319287.7638838
1741319287.963521
1741319288.1638594
1741319288.3636711
1741319288.5639696
1741319288.7642126
1741319288.9635813
1741319289.1621473
1741319289.3610902
1741319289.5638013
1741319289.7631586
1741319289.9624572
1741319290.1610529
1741319290.364681
1741319290.5636752
1741319290.7633543
1741319290.9625854
1741319291.1625583
1741319291.3645072
1741319291.5643973
1741319291.7644064
1741319291.9642894
1741319292.1641803
1741319292.3642733
1741319292.5643342
1741319292.7640293
1741319292.9641619
1741319293.1630208
1741319293.3641531
1741319293.5640976
1741319293.7640047
1741319293.9639812
1741319294.1619895
1741319294.3636622
1741319294.563756
1741319294.763761
1741319294.963764
1741319295.1634703
1741319295.3617136
1741319295.5636728
1741319295.7636337
1741319295.9635456
1741319296.1632507
1741319296.3637285
1741319296.5637643
1741319296.7637937
1741319296.9636803
1741319297.1636555
1741319297.363708
1741319297.5640564
1741319297.7639852
1741319297.9640102
1741319298.1639016
1741319298.3639071
1741319298.5639365
1741319298.764672
1741319298.9630504
1741319299.1626987
1741319299.3638153
1741319299.5638874
1741319299.7636096
1741319299.9625542
1741319300.1610634
1741319300.3645935
1741319300.5644703
1741319300.7633498
1741319300.9644732
1741319301.1644208
1741319301.3642223
1741319301.5647409
1741319301.7642238
1741319301.96421
1741319302.164258
1741319302.3635974
1741319302.5640604
1741319302.7640607
1741319302.9639585
1741319303.1638894
1741319303.363884
1741319303.5636725
1741319303.7635036
1741319303.9627216
1741319304.1636937
1741319304.3636544
1741319304.5638266
1741319304.763783
1741319304.962204
1741319305.1637633
1741319305.3637893
1741319305.5624404
1741319305.7616582
1741319305.9635282
1741319306.1636341
1741319306.3637362
1741319306.5636072
1741319306.7638338
1741319306.9636858
1741319307.1636655
1741319307.3637459
1741319307.5639908
1741319307.763994
1741319307.963834
1741319308.1639071
1741319308.3638437
1741319308.5639563
1741319308.7636132
1741319308.963712
1741319309.1637273
1741319309.3636529
1741319309.5635226
1741319309.7625315
1741319309.9650376
1741319310.1648123
1741319310.3638227
1741319310.5625165
1741319310.76421
1741319310.9643807
1741319311.1643732
1741319311.3630788
1741319311.5622888
1741319311.7641506
1741319311.9642587
1741319312.1640892
1741319312.3640883
1741319312.5639949
1741319312.7639594
1741319312.9639997
1741319313.1639898
1741319313.3638515
1741319313.5637794
1741319313.7637093
1741319313.9635961
1741319314.1636095
1741319314.3635058
1741319314.5635781
1741319314.7618256
1741319314.963635
1741319315.1636283
1741319315.3620803
1741319315.561764
1741319315.7638025
1741319315.9637921
1741319316.1636269
1741319316.3629858
1741319316.5635698
1741319316.7636559
1741319316.9637387
1741319317.1637125
1741319317.3635759
1741319317.5635798
1741319317.7636418
1741319317.9637063
1741319318.1647167
1741319318.3646343
1741319318.5635626
1741319318.7637432
1741319318.9644921
1741319319.1645288
1741319319.3645494
1741319319.5630732
1741319319.7644022
1741319319.9640944
1741319320.1642737
1741319320.3638997
1741319320.5642943
1741319320.7641432
1741319320.964082
1741319321.1638086
1741319321.3622699
1741319321.5640152
1741319321.7639277
1741319321.9639449
1741319322.1637337
1741319322.3638453
1741319322.5639284
1741319322.7637873
1741319322.9637358
1741319323.16377
1741319323.36362
1741319323.5637813
1741319323.7637227
1741319323.96368
1741319324.1622479
1741319324.3638334
1741319324.5638046
1741319324.7636323
1741319324.9631054
1741319325.1617646
1741319325.3636782
1741319325.5640466
1741319325.7632525
1741319325.9619186
1741319326.1639373
1741319326.3639231
1741319326.5639307
1741319326.7633185
1741319326.9627137
1741319327.1638451
1741319327.3637874
1741319327.5636742
1741319327.7636154
1741319327.9646404
1741319328.1636622
1741319328.3637104
1741319328.564472
1741319328.7633333
1741319328.9645574
1741319329.1642845
1741319329.364336
1741319329.5643423
1741319329.7642603
1741319329.9620671
1741319330.1642191
1741319330.3642507
1741319330.5638549
1741319330.7622364
1741319330.9641209
1741319331.1638937
1741319331.3639848
1741319331.5638645
1741319331.7622259
1741319331.9633794
1741319332.1637175
1741319332.363688
1741319332.5637403
1741319332.7637954
1741319332.9622905
1741319333.1635969
1741319333.3637137
1741319333.5636947
1741319333.7634363
1741319333.963794
1741319334.1637576
1741319334.3638508
1741319334.5635893
1741319334.7633209
1741319334.9636092
1741319335.1640382
1741319335.3636508
1741319335.5629323
1741319335.7635956
1741319335.9636633
1741319336.1639509
1741319336.3631902
1741319336.5625839
1741319336.7634423
1741319336.9638491
1741319337.1636586
1741319337.3635297
1741319337.5636806
1741319337.7638099
1741319337.9646137
1741319338.1637139
1741319338.3636301
1741319338.5644109
1741319338.7644999
1741319338.9642854
1741319339.1643529
1741319339.364033
1741319339.5644102
1741319339.7641973
1741319339.9618356
1741319340.1640275
1741319340.3639097
1741319340.5618536
1741319340.7602634
1741319340.9639494
1741319341.1636481
1741319341.3621547
1741319341.563745
1741319341.7634692
1741319341.9639623
1741319342.1636944
1741319342.3625617
1741319342.5636828
1741319342.7636738
1741319342.963809
1741319343.1635642
1741319343.3635206
1741319343.5637348
1741319343.7636087
1741319343.9637256
1741319344.1637454
1741319344.3631873
1741319344.5631444
1741319344.7636635
1741319344.9636891
1741319345.1631966
1741319345.3637655
1741319345.5625732
1741319345.7638278
1741319345.9636226
1741319346.1636858
1741319346.3625748
1741319346.561202
1741319346.7637141
1741319346.964613
1741319347.1632099
1741319347.3631082
1741319347.5644658
1741319347.7644651
1741319347.964334
1741319348.1635957
1741319348.364392
1741319348.5643854
1741319348.7642317
1741319348.9643145
1741319349.1642549
1741319349.3630579
1741319349.5639901
1741319349.7640297
1741319349.9639301
1741319350.162096
1741319350.3614562
1741319350.5596526
1741319350.7638431
1741319350.9633121
1741319351.1614659
1741319351.3599594
1741319351.5636926
1741319351.7635911
1741319351.9624536
1741319352.1615698
1741319352.3635397
1741319352.5637374
1741319352.7637196
1741319352.9633949
1741319353.1636512
1741319353.3641624
1741319353.5637004
1741319353.7637458
1741319353.9636862
1741319354.1636982
1741319354.3633697
1741319354.5636475
1741319354.7633729
1741319354.9618654
1741319355.1610212
1741319355.363596
1741319355.5637014
1741319355.7633219
1741319355.9610949
1741319356.1644962
1741319356.3636937
1741319356.5628045
1741319356.761466
1741319356.9647183
1741319357.1645312
1741319357.3642612
1741319357.5644076
1741319357.7644894
1741319357.9644046
1741319358.1644139
1741319358.3646395
1741319358.5643723
1741319358.7642944
1741319358.9642098
1741319359.1641238
1741319359.3640659
1741319359.5628915
1741319359.7636869
1741319359.9624622
1741319360.1617491
1741319360.3639762
1741319360.5624516
1741319360.7637527
1741319360.9618554
1741319361.1637304
1741319361.3636668
1741319361.5620322
1741319361.7614217
1741319361.9632804
1741319362.1637487
1741319362.3634493
1741319362.5635436
1741319362.7636244
1741319362.9637418
1741319363.1636546
1741319363.3637347
1741319363.5635636
1741319363.7634816
1741319363.9636369
1741319364.1639829
1741319364.363637
1741319364.5634148
1741319364.7638223
1741319364.9639323
1741319365.1648076
1741319365.3637109
1741319365.5631118
1741319365.7611222
1741319365.9636803
1741319366.1636708
1741319366.3629394
1741319366.5623386
1741319366.7644727
1741319366.9643486
1741319367.1642601
1741319367.3630166
1741319367.5642347
1741319367.7645781
1741319367.9645696
1741319368.1640675
1741319368.3640382
1741319368.5641284
1741319368.7640662
1741319368.9639728
1741319369.1640387
1741319369.3638415
1741319369.5640855
1741319369.763737
1741319369.9638877
1741319370.1636531
1741319370.3627229
1741319370.5617766
1741319370.7601974
1741319370.9637308
1741319371.1636529
1741319371.3621526
1741319371.5612276
1741319371.7637112
1741319371.9636443
1741319372.1633282
1741319372.364105
1741319372.5642388
1741319372.7637246
1741319372.9636364
1741319373.1633918
1741319373.3640592
1741319373.5639739
1741319373.763973
1741319373.9637883
1741319374.1644197
1741319374.3636997
1741319374.5647199
1741319374.7647398
1741319374.9637027
1741319375.1633101
1741319375.3645582
1741319375.5638516
1741319375.7646513
1741319375.9644299
1741319376.162504
1741319376.361974
1741319376.5644472
1741319376.7643666
1741319376.9630535
1741319377.1642349
1741319377.3631778
1741319377.564106
1741319377.7641604
1741319377.9638519
1741319378.1639986
1741319378.3640046
1741319378.5639532
1741319378.7639549
1741319378.9637434
1741319379.1638651
1741319379.3638344
1741319379.5637054
1741319379.7637019
1741319379.9637082
1741319380.1620972
1741319380.3636403
1741319380.5637867
1741319380.763669
1741319380.9626424
1741319381.1616185
1741319381.3600929
1741319381.5636842
1741319381.7635415
1741319381.9619718
1741319382.1612837
1741319382.3640237
1741319382.564168
1741319382.7639453
1741319382.96404
1741319383.1639912
1741319383.3639183
1741319383.5639389
1741319383.7647681
1741319383.9637449
1741319384.1637201
1741319384.364608
1741319384.5646236
1741319384.7635126
1741319384.9646602
1741319385.1645458
1741319385.3645415
1741319385.5644147
1741319385.7629893
1741319385.9622097
1741319386.1626055
1741319386.364233
1741319386.5638728
1741319386.7640431
1741319386.9622257
1741319387.1642022
1741319387.3641007
1741319387.563735
1741319387.7639706
1741319387.9638934
1741319388.1637802
1741319388.3638256
1741319388.5637548
1741319388.7638524
1741319388.9638379
1741319389.1636491
1741319389.3638113
1741319389.563576
1741319389.7638187
1741319389.9637804
1741319390.1636274
1741319390.363802
1741319390.5636277
1741319390.7620082
1741319390.9613066
1741319391.1636939
1741319391.3637834
1741319391.5632851
1741319391.7618763
1741319391.9640951
1741319392.163681
1741319392.3632503
1741319392.5639746
1741319392.7636964
1741319392.9648292
1741319393.1637564
1741319393.3637526
1741319393.5647244
1741319393.7641709
1741319393.9637663
1741319394.1646338
1741319394.3646097
1741319394.5646589
1741319394.7636435
1741319394.9644465
1741319395.1644616
1741319395.3644276
1741319395.5642917
1741319395.7639096
1741319395.9625008
1741319396.1642907
1741319396.3625388
1741319396.561007
1741319396.7602072
1741319396.9640691
1741319397.1638391
1741319397.36217
1741319397.5638747
1741319397.7638435
1741319397.9640749
1741319398.1637192
1741319398.3637085
1741319398.5623946
1741319398.7640591
1741319398.9640038
1741319399.1634035
1741319399.3637698
1741319399.5634902
1741319399.7636204
1741319399.9639065
1741319400.1636503
1741319400.3637266
1741319400.5636075
1741319400.7636483
1741319400.9636321
1741319401.1630871
1741319401.3614032
1741319401.5606325
1741319401.7590282
1741319401.9632807
1741319402.1627624
1741319402.3612132
1741319402.5629854
1741319402.7653742
1741319402.9630239
1741319403.1649723
1741319403.3648236
1741319403.5634544
1741319403.7636151
1741319403.9647748
1741319404.1648724
1741319404.3648071
1741319404.5636995
1741319404.764653
1741319404.9636614
1741319405.164896
1741319405.3645694
1741319405.5646658
1741319405.7625268
1741319405.963047
1741319406.1644659
1741319406.3582034
1741319406.5624385
1741319406.7617626
1741319406.9599514
1741319407.1580961
1741319407.3637025
1741319407.5617177
1741319407.7607398
1741319407.9639597
1741319408.1641374
1741319408.3640161
1741319408.5642631
1741319408.7634335
1741319408.963809
1741319409.1636488
1741319409.3637114
1741319409.5634995
1741319409.7633986
1741319409.9637535
1741319410.1636767
1741319410.3634675
1741319410.5636206
1741319410.7633538
1741319410.9634767
1741319411.1637292
1741319411.3615053
1741319411.5608118
1741319411.7476552
1741319411.9525614
1741319412.1565676
1741319412.360764
1741319412.5591424
1741319412.7586465
1741319412.9637842
1741319413.1629372
1741319413.3637178
1741319413.5636458
1741319413.7635798
1741319413.9636345
1741319414.1637034
1741319414.3634717
1741319414.5634916
1741319414.7643485
1741319414.9636581
1741319415.163656
1741319415.364069
1741319415.5643308
1741319415.7638125
1741319415.9641225
1741319416.1629856
1741319416.3619604
1741319416.5362875
1741319416.7404366
1741319416.9404466
1741319417.146086
1741319417.3495679
1741319417.5580149
1741319417.757935
1741319417.9623661
1741319418.1635568
1741319418.3635182
1741319418.5632818
1741319418.7643282
1741319418.9644227
1741319419.1643803
1741319419.3642366
1741319419.5637341
1741319419.76422
1741319419.9641724
1741319420.163918
1741319420.3640909
1741319420.5640264
1741319420.7640164
1741319420.9640014
1741319421.1638777
1741319421.3612821
1741319421.5318058
1741319421.7412763
1741319421.9463723
1741319422.1505277
1741319422.3609786
1741319422.5588977
1741319422.7634292
1741319422.9565382
1741319423.1623762
1741319423.362361
1741319423.5636187
1741319423.7646563
1741319423.9636722
1741319424.1647131
1741319424.3637464
1741319424.5638049
1741319424.7642648
1741319424.9640646
1741319425.1635778
1741319425.3633692
1741319425.5639992
1741319425.7639551
1741319425.9642582
1741319426.1639545
1741319426.3610022
1741319426.5638301
1741319426.7625768
1741319426.9615424
1741319427.1605778
1741319427.3597443
1741319427.5633752
1741319427.7632718
1741319427.9623568
1741319428.1612697
1741319428.3637302
1741319428.5643072
1741319428.7643385
1741319428.9638512
1741319429.1637483
1741319429.3642051
1741319429.5641172
1741319429.7640803
1741319429.9639294
1741319430.1639395
1741319430.3639653
1741319430.5641475
1741319430.7639573
1741319430.964103
1741319431.1638176
1741319431.3637214
1741319431.5635972
1741319431.763885
1741319431.9624629
1741319432.1613545
1741319432.3637607
1741319432.5644548
1741319432.7632284
1741319432.9632392
1741319433.1643367
1741319433.3633885
1741319433.5643678
1741319433.7633719
1741319433.9631739
1741319434.164222
1741319434.364078
1741319434.5642025
1741319434.7641354
1741319434.9639804
1741319435.1642554
1741319435.3639054
1741319435.5639334
1741319435.7637305
1741319435.9633582
1741319436.1637533
1741319436.3633256
1741319436.5636816
1741319436.7631872
1741319436.9622102
1741319437.1637223
1741319437.362566
1741319437.5636373
1741319437.7624872
1741319437.9643962
1741319438.1631346
1741319438.3642573
1741319438.5632296
1741319438.7636232
1741319438.9641385
1741319439.1640153
1741319439.364006
1741319439.5643594
1741319439.7640083
1741319439.9642158
1741319440.1642025
1741319440.3638937
1741319440.5637126
1741319440.7638528
1741319440.9639683
1741319441.1632833
1741319441.3637917
1741319441.5635555
1741319441.7645237
1741319441.9635518
1741319442.162503
1741319442.3637784
1741319442.5630076
1741319442.7614613
1741319442.9626491
1741319443.1642556
1741319443.3639107
1741319443.5641191
1741319443.7631211
1741319443.9622808
1741319444.1643188
1741319444.3639393
1741319444.5639124
1741319444.7639315
1741319444.964
1741319445.1639609
1741319445.3638999
1741319445.5639746
1741319445.7641704
1741319445.9638145
1741319446.1620522
1741319446.3638999
1741319446.5632772
1741319446.7635715
1741319446.9621303
1741319447.1634722
1741319447.3632231
1741319447.5642016
1741319447.7630737
1741319447.9612727
1741319448.1641803
1741319448.3641863
1741319448.5632961
1741319448.7619259
1741319448.9637978
1741319449.1638577
1741319449.363857
1741319449.5630422
1741319449.7638836
1741319449.9638619
1741319450.1637344
1741319450.3642097
1741319450.5638347
1741319450.7638977
1741319450.9636278
1741319451.1637354
1741319451.3637545
1741319451.5633633
1741319451.7622492
1741319451.9633934
1741319452.1626451
1741319452.3647165
1741319452.5625527
1741319452.7611213
1741319452.9629397
1741319453.1619666
1741319453.3628955
1741319453.5622201
1741319453.764045
1741319453.9648142
1741319454.1640747
1741319454.3640163
1741319454.5639713
1741319454.7638822
1741319454.9648318
1741319455.1635361
1741319455.3638632
1741319455.563767
1741319455.7637191
1741319455.9644561
1741319456.1636722
1741319456.3632863
1741319456.562396
1741319456.7637932
1741319456.957921
1741319457.1620638
1741319457.3551428
1741319457.5598667
1741319457.7583144
1741319457.9638569
1741319458.1614165
1741319458.3606288
1741319458.5599489
1741319458.763499
1741319458.9636707
1741319459.1632941
1741319459.3637898
1741319459.5638785
1741319459.7636688
1741319459.9638865
1741319460.163667
1741319460.3646772
1741319460.5649028
1741319460.7646046
1741319460.9637744
1741319461.1646709
1741319461.3645504
1741319461.5643518
1741319461.7628279
1741319461.9612403
1741319462.1595631
1741319462.342135
1741319462.5462248
1741319462.746834
1741319462.9490166
1741319463.1534431
1741319463.3580317
1741319463.5625069
1741319463.762193
1741319463.9633803
1741319464.1624839
1741319464.3637705
1741319464.5636449
1741319464.7637429
1741319464.9635546
1741319465.1638315
1741319465.3636136
1741319465.5636272
1741319465.7636223
1741319465.9637353
1741319466.1622088
1741319466.3636308
1741319466.5637424
1741319466.7632632
1741319466.9623849
1741319467.1608264
1741319467.3367152
1741319467.5413327
1741319467.7452581
1741319467.955369
1741319468.1539934
1741319468.3586955
1741319468.5628486
1741319468.7613852
1741319468.9620519
1741319469.1640358
1741319469.3637967
1741319469.5647635
1741319469.7638166
1741319469.9639742
1741319470.1648633
1741319470.3645935
1741319470.5645826
1741319470.7648287
1741319470.9637225
1741319471.1645775
1741319471.3643034
1741319471.5643008
1741319471.7641184
1741319471.9615111
1741319472.1600161
1741319472.3362467
1741319472.5345166
1741319472.739192
1741319472.9433258
1741319473.1481102
1741319473.3522091
1741319473.5619886
1741319473.7613807
1741319473.9609461
1741319474.1636374
1741319474.363497
1741319474.5636272
1741319474.7636049
1741319474.9636106
1741319475.1636956
1741319475.3636255
1741319475.5636396
1741319475.7639713
1741319475.9642186
1741319476.1637845
1741319476.3637221
1741319476.5645206
1741319476.763787
1741319476.9637177
1741319477.1636584
1741319477.3630409
1741319477.5390387
1741319477.7430921
1741319477.9473283
1741319478.157002
1741319478.3566446
1741319478.5608752
1741319478.7593157
1741319478.964612
1741319479.162957
1741319479.3626962
1741319479.5633988
1741319479.7636352
1741319479.9641516
1741319480.1643908
1741319480.36443
1741319480.564393
1741319480.7643719
1741319480.9643202
1741319481.1652448
1741319481.3642139
1741319481.5642443
1741319481.7641172
1741319481.9641578
1741319482.1638505
1741319482.3620853
1741319482.5604188
1741319482.7599404
1741319482.9638259
1741319483.1622269
1741319483.3618863
1741319483.559896
1741319483.7637851
1741319483.9635465
1741319484.163348
1741319484.3619428
1741319484.5637014
1741319484.7638652
1741319484.9633656
1741319485.1636441
1741319485.3637946
1741319485.5636868
1741319485.7635918
1741319485.9637055
1741319486.1637239
1741319486.3637643
1741319486.5639849
1741319486.7640533
1741319486.9635985
1741319487.1630301
1741319487.3614192
1741319487.5648146
1741319487.7637372
1741319487.9631677
1741319488.1626348
1741319488.3609619
1741319488.5646987
1741319488.7635927
1741319488.9625533
1741319489.1618145
1741319489.3644166
1741319489.5643938
1741319489.7644086
1741319489.9642806
1741319490.1642611
1741319490.364327
1741319490.5644174
1741319490.764189
1741319490.9642427
1741319491.164067
1741319491.3640451
1741319491.5640147
1741319491.763906
1741319491.9637499
1741319492.1638787
1741319492.3638113
1741319492.5637801
1741319492.7637854
1741319492.9624283
1741319493.1636577
1741319493.3632205
1741319493.5636988
1741319493.7632704
1741319493.9637687
1741319494.1636353
1741319494.3636348
1741319494.5636337
1741319494.7634847
1741319494.9636214
1741319495.1636438
1741319495.3636646
1741319495.5637889
1741319495.7640622
1741319495.9630694
1741319496.163981
1741319496.3639102
1741319496.5650382
1741319496.7638099
1741319496.963778
1741319497.1649191
1741319497.363806
1741319497.5637956
1741319497.7637188
1741319497.9635568
1741319498.1626372
1741319498.3648384
1741319498.5634506
1741319498.762948
1741319498.9624703
1741319499.1609774
1741319499.3645022
1741319499.5637126
1741319499.7639427
1741319499.963695
1741319500.1644101
1741319500.36432
1741319500.5642471
1741319500.764667
1741319500.9642601
1741319501.1645126
1741319501.3641663
1741319501.5644207
1741319501.7641087
1741319501.9637015
1741319502.1641026
1741319502.363893
1741319502.5642869
1741319502.7616634
1741319502.9601159
1741319503.1593497
1741319503.3636324
1741319503.5617368
1741319503.7613089
1741319503.96311
1741319504.1638331
1741319504.3620276
1741319504.5638156
1741319504.7636182
1741319504.9636207
1741319505.1637015
1741319505.3636022
1741319505.5638258
1741319505.7637887
1741319505.9633927
1741319506.1636262
1741319506.3637073
1741319506.5648289
1741319506.7637458
1741319506.964747
1741319507.1647656
1741319507.3634822
1741319507.5634701
1741319507.7645619
1741319507.9646807
1741319508.1644964
1741319508.3634448
1741319508.5624003
1741319508.7644496
1741319508.9644508
1741319509.1642861
1741319509.3626513
1741319509.5641503
1741319509.7641726
1741319509.9640965
1741319510.1640673
1741319510.3635921
1741319510.5643699
1741319510.7639897
1741319510.9624324
1741319511.1638563
1741319511.3638766
1741319511.5641263
1741319511.7636952
1741319511.9637201
1741319512.163738
1741319512.3639927
1741319512.5637128
1741319512.763989
1741319512.9636648
1741319513.163666
1741319513.3637257
1741319513.5637345
1741319513.7637153
1741319513.9637101
1741319514.1635656
1741319514.364131
1741319514.5642982
1741319514.7635198
1741319514.9636195
1741319515.1639392
1741319515.3638945
1741319515.5648749
1741319515.7638066
1741319515.9639404
1741319516.1633761
1741319516.3641469
1741319516.5636547
1741319516.7637296
1741319516.9639144
1741319517.1645541
1741319517.364713
1741319517.5644915
1741319517.764606
1741319517.9643104
1741319518.1644366
1741319518.3644552
1741319518.5647986
1741319518.7646191
1741319518.9644325
1741319519.1642563
1741319519.3641477
1741319519.5640521
1741319519.7643874
1741319519.9639783
1741319520.1639817
1741319520.3640597
1741319520.5638435
1741319520.763881
1741319520.9638269
1741319521.1640108
1741319521.3637147
1741319521.5636127
1741319521.7638118
1741319521.9636483
1741319522.1637335
1741319522.3636379
1741319522.5636387
1741319522.7636628
1741319522.9635744
1741319523.1635096
1741319523.3636467
1741319523.5645571
1741319523.7637093
1741319523.9639447
1741319524.1638231
1741319524.3637004
1741319524.5639806
1741319524.7638805
1741319524.9639034
1741319525.1638517
1741319525.3648138
1741319525.5637231
1741319525.7638667
1741319525.9636643
1741319526.1636429
1741319526.3636379
1741319526.563669
1741319526.7636113
1741319526.964494
1741319527.1636105
1741319527.3649716
1741319527.5644438
1741319527.7644382
1741319527.9640012
1741319528.1644077
1741319528.3642418
1741319528.5645468
1741319528.7641587
1741319528.9641418
1741319529.1641695
1741319529.3640194
1741319529.5638909
1741319529.7639685
1741319529.96385
1741319530.163883
1741319530.3641438
1741319530.564184
1741319530.7636311
1741319530.9637694
1741319531.1636436
1741319531.3637609
1741319531.5635712
1741319531.7637031
1741319531.9637005
1741319532.1637278
1741319532.3636823
1741319532.5636585
1741319532.7644954
1741319532.9637394
1741319533.1642256
1741319533.3637056
1741319533.5636013
1741319533.7637007
1741319533.9640121
1741319534.163686
1741319534.3640246
1741319534.5639288
1741319534.7636759
1741319534.9637992
1741319535.1637406
1741319535.3639269
1741319535.5646367
1741319535.7636051
1741319535.9636238
1741319536.1636605
1741319536.3636565
1741319536.5636985
1741319536.7645085
1741319536.9644518
1741319537.1643677
1741319537.3643456
1741319537.5643253
1741319537.7643113
1741319537.964144
1741319538.1642337
1741319538.3640127
1741319538.5642943
1741319538.7639406
1741319538.9640524
1741319539.1640253
1741319539.3643029
1741319539.5641093
1741319539.7638559
1741319539.9637818
1741319540.1636603
1741319540.3637564
1741319540.5636828
1741319540.7636173
1741319540.9638367
1741319541.163763
1741319541.3638356
1741319541.5637853
1741319541.7636743
1741319541.9636898
1741319542.1636949
1741319542.3636861
1741319542.5636439
1741319542.7640274
1741319542.9641891
1741319543.1636224
1741319543.4640093
1741319543.7638855
1741319544.2639344
1741319545.8650365
1741319547.7643726
1741319548.6642079
1741319549.1637969
1741319549.6638741
1741319550.1640639
1741319550.5637941
1741319551.0636892
1741319551.7637239
1741319552.3637662
1741319552.6636577
1741319552.8636777
1741319553.0636492
1741319553.2635942
1741319553.4636135
1741319553.6637166
1741319553.8638873
1741319554.0636411
1741319554.2647748
1741319554.4647632
1741319554.6637683
1741319554.8636875
1741319555.0645204
1741319555.2636673
1741319555.4645195
1741319555.6646359
1741319555.8644857
1741319556.0644927
1741319556.2645247
1741319556.4643271
1741319556.6643529
1741319556.8631897
1741319557.0645206
1741319557.2643859
1741319557.464041
1741319557.6640396
1741319557.8640902
1741319558.0639007
1741319558.2640042
1741319558.4641471
1741319558.6639156
1741319558.863718
1741319559.0638433
1741319559.2638044
1741319559.463671
1741319559.6636653
1741319559.8636811
1741319560.0637374
1741319560.2637506
1741319560.4638152
1741319560.6636567
1741319560.8637958
1741319561.0636377
1741319561.2637255
1741319561.4641626
1741319561.6641557
1741319561.8641448
1741319562.0640745
1741319562.2637355
1741319562.4640265
1741319562.6641781
1741319562.8640034
1741319563.0636351
1741319563.2641215
1741319563.4637778
1741319563.6637361
1741319563.8647263
1741319564.0637026
1741319564.2636173
1741319564.464587
1741319564.6645052
1741319564.8646104
1741319565.0636284
1741319565.2644386
1741319565.4643879
1741319565.6644704
1741319565.8643644
1741319566.0646863
1741319566.2643583
1741319566.4645696
1741319566.6641417
1741319566.864223
1741319567.0640311
1741319567.2639842
1741319567.4642873
1741319567.6640232
1741319567.8638048
1741319568.0638793
1741319568.2638125
1741319568.4638884
1741319568.6639276
1741319568.8637652
1741319569.0638957
1741319569.2637513
1741319569.463583
1741319569.7637341
1741319570.0637403
1741319570.2636588
1741319570.4643042
1741319570.6637616
1741319570.8637116
1741319571.0640376
1741319571.2638276
1741319571.4637611
1741319571.6641409
1741319571.8640585
1741319572.0635808
1741319572.2636199
1741319572.46382
1741319572.6639128
1741319572.8647952
1741319573.063555
1741319573.2636919
1741319573.4643109
1741319573.6636267
1741319573.863636
1741319574.0637457
1741319574.2645066
1741319574.4645548
1741319574.663835
1741319574.864378
1741319575.0643604
1741319575.2631576
1741319575.4642591
1741319575.664279
1741319575.8643274
1741319576.0642107
1741319576.2634163
1741319576.4641035
1741319576.66397
1741319576.8640432
1741319577.0638862
1741319577.2642143
1741319577.4640057
1741319577.6638167
1741319577.8637602
1741319578.0639083
1741319578.2637041
1741319578.4623849
1741319578.6638448
1741319578.8636665
1741319579.0637574
1741319579.2635372
1741319579.4637163
1741319579.663815
1741319579.8636611
1741319580.062042
1741319580.26212
1741319580.4636583
1741319580.663794
1741319580.8634577
1741319581.0639889
1741319581.263344
1741319581.463896
1741319581.6640458
1741319581.8648527
1741319582.06391
1741319582.2638819
1741319582.4637799
1741319582.6636677
1741319582.8636589
1741319583.0637109
1741319583.2645836
1741319583.4645565
1741319583.6646433
1741319583.8644991
1741319584.0641348
1741319584.2625337
1741319584.4610519
1741319584.6643331
1741319584.864645
1741319585.0627599
1741319585.2620339
1741319585.4642375
1741319585.6641872
1741319585.8640206
1741319586.0628569
1741319586.2636967
1741319586.4639812
1741319586.6639495
1741319586.8638446
1741319587.064116
1741319587.263912
1741319587.463408
1741319587.6637459
1741319587.8637969
1741319588.0638037
1741319588.2638168
1741319588.4638102
1741319588.6638072
1741319588.863668
1741319589.0636799
1741319589.2631819
1741319589.4637446
1741319589.6637397
1741319589.8630486
1741319590.0635912
1741319590.2635994
1741319590.4637222
1741319590.66308
1741319590.8639696
1741319591.0630572
1741319591.2638843
1741319591.4638817
1741319591.6648839
1741319591.8636858
1741319592.0637774
1741319592.2637937
1741319592.4633739
1741319592.6648688
1741319592.8646805
1741319593.0648654
1741319593.2646084
1741319593.4631908
1741319593.6632576
1741319593.8632426
1741319594.0643265
1741319594.2644126
1741319594.4644389
1741319594.6630311
1741319594.864264
1741319595.062299
1741319595.2642651
1741319595.4642062
1741319595.6623781
1741319595.8637447
1741319596.0640059
1741319596.2639451
1741319596.4638333
1741319596.6642175
1741319596.8638549
1741319597.0638938
1741319597.2637446
1741319597.4638438
1741319597.6637948
1741319597.8636253
1741319598.0636396
1741319598.2636142
1741319598.4636939
1741319598.6633143
1741319598.8634303
1741319599.063385
1741319599.2635963
1741319599.4637434
1741319599.6635873
1741319599.8628025
1741319600.0638225
1741319600.263793
1741319600.4638102
1741319600.6633244
1741319600.8636546
1741319601.0637217
1741319601.2632086
1741319601.4638638
1741319601.6646423
1741319601.8637509
1741319602.0637937
1741319602.264478
1741319602.464632
1741319602.6644471
1741319602.8643901
1741319603.0645769
1741319603.2645013
1741319603.4642992
1741319603.6643143
1741319603.8643577
1741319604.0642281
1741319604.2627997
1741319604.4621596
1741319604.6643665
1741319604.8640113
1741319605.0636744
1741319605.2617211
1741319605.459929
1741319605.6639895
1741319605.8625531
1741319606.0618713
1741319606.2616568
1741319606.4601567
1741319606.6637564
1741319606.8638167
1741319607.1627443
1741319607.3636725
1741319607.5636671
1741319607.7639675
1741319607.9638393
1741319608.1638341
1741319608.3632765
1741319608.5643401
1741319608.7635751
1741319608.963728
1741319609.1640561
1741319609.3635449
1741319609.5639884
1741319609.7639506
1741319609.9629307
1741319610.1466653
1741319610.3433814
1741319610.5475008
1741319610.7527514
1741319610.9568148
1741319611.1610563
1741319611.3594091
1741319611.5632837
1741319611.763011
1741319611.9625311
1741319612.1637201
1741319612.3645167
1741319612.5643792
1741319612.7643304
1741319612.9644055
1741319613.1643143
1741319613.3639815
1741319613.5641913
1741319613.764266
1741319613.9640548
1741319614.1638367
1741319614.3641279
1741319614.5639703
1741319614.7639203
1741319614.9627225
1741319615.1609888
1741319615.3427327
1741319615.5477257
1741319615.7518547
1741319615.9559369
1741319616.160217
1741319616.3597622
1741319616.5637085
1741319616.7631152
1741319616.9636235
1741319617.1621122
1741319617.3636189
1741319617.5637758
1741319617.7637365
1741319617.9634585
1741319618.1642265
1741319618.3635976
1741319618.5640798
1741319618.7640359
1741319618.9636054
1741319619.1633158
1741319619.3639312
1741319619.5639415
1741319619.7631111
1741319619.9625504
1741319620.1606975
1741319620.3591239
1741319620.5630684
1741319620.7623792
1741319620.9607332
1741319621.159497
1741319621.3644083
1741319621.5627253
1741319621.7616658
1741319621.9623516
1741319622.164422
1741319622.3643923
1741319622.5636687
1741319622.764365
1741319622.9643173
1741319623.1637154
1741319623.3636141
1741319623.5643592
1741319623.7638404
1741319623.9640911
1741319624.1641147
1741319624.3640656
1741319624.5639167
1741319624.7637775
1741319624.9619157
1741319625.1599128
1741319625.3636882
1741319625.5633354
1741319625.7616632
1741319625.9601483
1741319626.1637547
1741319626.3634543
1741319626.5618181
1741319626.7613885
1741319626.96365
1741319627.1636159
1741319627.3636441
1741319627.563659
1741319627.763006
1741319627.9641554
1741319628.1637619
1741319628.3640699
1741319628.5641329
1741319628.7634103
1741319628.9639649
1741319629.1638505
1741319629.3638856
1741319629.5637593
1741319629.7648354
1741319629.9638503
1741319630.1646514
1741319630.3645935
1741319630.5632727
1741319630.7622745
1741319630.964572
1741319631.1631565
1741319631.3641891
1741319631.562736
1741319631.7643702
1741319631.9642723
1741319632.1629536
1741319632.3643076
1741319632.5640967
1741319632.7640488
1741319632.964108
1741319633.1640067
1741319633.3640144
1741319633.5643828
1741319633.7640738
1741319633.9639227
1741319634.163892
1741319634.3639286
1741319634.5637295
1741319634.763458
1741319634.9636226
1741319635.1638277
1741319635.3635573
1741319635.5632985
1741319635.7637093
1741319635.9636767
1741319636.1634207
1741319636.361635
1741319636.5638101
1741319636.7642434
1741319636.9633362
1741319637.1633017
1741319637.3640876
1741319637.5636151
1741319637.7633667
1741319637.9636753
1741319638.1633415
1741319638.3639235
1741319638.5639327
1741319638.7650561
1741319638.9638269
1741319639.163713
1741319639.3636851
1741319639.5636971
1741319639.7637141
1741319639.964344
1741319640.1646886
1741319640.3646894
1741319640.5646045
1741319640.7636893
1741319640.9627993
1741319641.062217
1741319641.2604318
1741319641.4591086
1741319641.663671
1741319641.8625715
1741319642.0621488
1741319642.2617307
1741319642.4642775
1741319642.6642354
1741319642.8644385
1741319643.0638504
1741319643.2640562
1741319643.4640517
1741319643.6641424
1741319643.8639987
1741319644.0638852
1741319644.2638488
1741319644.4638543
1741319644.6638122
1741319644.8637519
1741319645.0636873
1741319645.2621317
1741319645.4636593
1741319645.6637471
1741319645.8636901
1741319646.0636978
1741319646.2621884
1741319646.4636486
1741319646.6637149
1741319646.8637419
1741319647.0633671
1741319647.2637217
1741319647.4636161
1741319647.6638288
1741319647.8636148
1741319648.0637569
1741319648.2637358
1741319648.4637814
1741319648.6639278
1741319648.8648071
1741319649.0637987
1741319649.2646213
1741319649.4645846
1741319649.6645689
1741319649.8636644
1741319650.0644846
1741319650.2647548
1741319650.4643686
1741319650.6644969
1741319650.8643394
1741319651.0643566
1741319651.2642748
1741319651.4630103
1741319651.6641805
1741319651.8626413
1741319652.0640399
1741319652.2628911
1741319652.4622693
1741319652.6640303
1741319652.8634329
1741319653.063848
1741319653.2633369
1741319653.4637651
1741319653.6638687
1741319653.863682
1741319654.0636203
1741319654.2637131
1741319654.4637675
1741319654.663635
1741319654.8638053
1741319655.0637724
1741319655.2638249
1741319655.4632559
1741319655.6634951
1741319655.8638225
1741319656.0638423
1741319656.2634232
1741319656.4620428
1741319656.66116
1741319656.8640292
1741319657.0638011
1741319657.2628856
1741319657.4614699
1741319657.6636584
1741319657.8637819
1741319658.0633326
1741319658.2629824
1741319658.4633062
1741319658.663614
1741319658.8639727
1741319659.0646727
1741319659.264545
1741319659.4645064
1741319659.6646099
1741319659.86444
1741319660.0644839
1741319660.2643359
1741319660.4643755
1741319660.6643813
1741319660.8640704
1741319661.0624092
1741319661.2608502
1741319661.4598985
1741319661.6640191
1741319661.8459165
1741319662.0501842
1741319662.2542942
1741319662.4595015
1741319662.6579559
1741319662.8620365
1741319663.0616717
1741319663.2624476
1741319663.4636624
1741319663.6622858
1741319663.8639655
